220
1 60
1 80
1 48
1 35
1 18
1 25
1 93
1 1
1 49
1 72
1 67
1 88
1 12
1 50
1 83
1 94
1 7
1 58
1 27
1 71
1 68
1 26
1 29
1 40
1 9
1 20
1 23
1 90
1 13
1 73
2 20
3 20
2 40
3 40
2 35
3 35
2 67
3 67
2 1
3 1
2 23
3 23
2 72
3 72
2 58
3 58
2 48
3 48
2 50
3 50
2 88
3 88
2 68
3 68
2 94
3 94
2 71
3 71
2 80
3 80
2 39
3 39
2 2
3 2
2 79
3 79
2 14
3 14
2 76
3 76
2 86
3 86
2 52
3 52
2 16
3 16
2 4
3 4
2 32
3 32
4
5
6
7
8
1 79
1 22
1 2
1 30
1 43
1 91
1 86
1 21
1 39
1 3
1 98
1 11
1 17
1 63
1 5
1 62
1 15
1 74
1 64
1 70
1 34
1 56
1 14
1 57
1 37
1 95
1 19
1 89
1 33
1 41
2 39
3 39
2 74
3 74
2 48
3 48
2 18
3 18
2 71
3 71
2 3
3 3
2 70
3 70
2 63
3 63
2 88
3 88
2 19
3 19
2 26
3 26
2 33
3 33
2 5
3 5
2 35
3 35
2 67
3 67
2 2
3 2
2 29
3 29
2 94
3 94
2 95
3 95
2 15
3 15
2 25
3 25
2 43
3 43
2 14
3 14
2 41
3 41
2 72
3 72
2 91
3 91
2 83
3 83
2 98
3 98
2 56
3 56
2 50
3 50
2 69
3 69
2 44
3 44
2 6
3 6
2 76
3 76
2 65
3 65
2 4
3 4
2 85
3 85
2 24
3 24
2 36
3 36
2 42
3 42
2 55
3 55
2 46
3 46
2 52
3 52
2 16
3 16
2 53
3 53
2 92
3 92
2 54
3 54
2 31
3 31
2 84
3 84
2 10
3 10
4
5
6
7
8
